Data yang digunakan berupa labirin dengan 5 ukuran yang berbeda

# Labirin 1 (5x5)

    [1, 1, 1, 1, 1]
    [0, 0, 0, 0, 1]
    [1, 1, 0, 1, 1]
    [1, 0, 0, 0, 1]
    [1, 1, 1, 0, 1]


# Labirin 2 (7x8)

    [1, 0, 1, 1, 1, 1, 1, 1]
    [1, 0, 0, 0, 1, 0, 0, 1]
    [1, 0, 1, 0, 0, 0, 1, 1]
    [1, 0, 0, 0, 1, 0, 0, 1]
    [1, 0, 1, 1, 0, 1, 0, 0]
    [1, 0, 0, 0, 0, 0, 0, 1]
    [1, 1, 1, 1, 1, 1, 1, 1]


# Labirin 3 (9x10)

    [1, 1, 1, 1, 1, 1, 1, 1, 0, 1]
    [0, 0, 1, 0, 0, 1, 0, 1, 0, 1]
    [1, 0, 1, 1, 0, 1, 0, 0, 0, 1]
    [1, 0, 0, 0, 0, 0, 1, 0, 1, 1]
    [1, 1, 0, 1, 1, 0, 1, 0, 0, 1]
    [1, 0, 0, 0, 1, 0, 0, 1, 0, 1]
    [1, 0, 1, 0, 1, 0, 1, 1, 0, 1]
    [1, 0, 0, 0, 0, 0, 0, 0, 0, 1]
    [1, 1, 1, 1, 1, 1, 1, 1, 1, 1]


# Labirin 4 (13x15)

    [1, 1, 1, 1, 1, 1, 1, 1, 1, 1, 1, 1, 1, 1, 1]
    [0, 0, 1, 0, 0, 1, 0, 1, 0, 0, 1, 0, 0, 1, 1]
    [1, 0, 1, 1, 0, 1, 0, 1, 1, 0, 1, 1, 0, 1, 1]
    [1, 0, 0, 0, 0, 1, 0, 0, 0, 0, 0, 0, 0, 1, 1]
    [1, 1, 1, 1, 0, 1, 1, 1, 0, 1, 1, 1, 0, 1, 1]
    [1, 0, 0, 0, 0, 0, 0, 0, 0, 0, 0, 1, 0, 0, 1]
    [1, 0, 1, 1, 1, 1, 1, 1, 1, 1, 0, 1, 1, 0, 1]
    [1, 0, 0, 0, 0, 0, 0, 0, 0, 1, 0, 0, 0, 0, 1]
    [1, 1, 0, 1, 1, 1, 0, 1, 1, 1, 1, 1, 0, 1, 1]
    [1, 0, 0, 0, 0, 1, 0, 1, 0, 0, 0, 0, 0, 0, 1]
    [1, 0, 1, 1, 0, 1, 1, 1, 0, 1, 1, 1, 1, 1, 1]
    [1, 0, 0, 0, 0, 0, 0, 1, 0, 0, 0, 0, 0, 0, 1]
    [1, 1, 1, 1, 1, 1, 1, 1, 1, 1, 1, 1, 1, 0, 1]


# Labirin 5 (13x17)

    [1, 1, 1, 1, 1, 1, 1, 1, 1, 1, 1, 1, 1, 1, 1, 1, 1]
    [1, 0, 0, 0, 0, 0, 1, 0, 0, 0, 0, 0, 1, 1, 0, 0, 1]
    [1, 0, 1, 1, 1, 0, 1, 1, 0, 1, 0, 1, 0, 0, 1, 0, 1]
    [0, 0, 0, 0, 1, 0, 0, 1, 0, 0, 0, 1, 0, 1, 1, 0, 1]
    [1, 1, 1, 0, 1, 1, 1, 1, 0, 1, 1, 1, 0, 1, 0, 0, 1]
    [1, 0, 0, 0, 0, 0, 0, 1, 0, 0, 0, 1, 0, 1, 0, 1, 1]
    [1, 1, 1, 0, 1, 1, 0, 1, 1, 1, 0, 0, 0, 1, 0, 0, 1]
    [1, 0, 0, 0, 0, 1, 0, 1, 0, 1, 0, 1, 0, 0, 0, 1, 1]
    [1, 0, 1, 1, 0, 1, 0, 1, 0, 1, 0, 1, 0, 1, 0, 0, 1]
    [1, 0, 0, 1, 0, 1, 0, 1, 0, 0, 0, 1, 1, 1, 1, 0, 1]
    [1, 1, 0, 0, 0, 1, 0, 1, 1, 1, 0, 0, 0, 1, 0, 0, 1]
    [1, 0, 0, 1, 1, 0, 0, 0, 0, 0, 0, 1, 0, 1, 0, 1, 1]
    [1, 1, 1, 1, 1, 1, 1, 1, 1, 1, 1, 1, 1, 1, 0, 1, 1]